1
3
13
0.528707 0.002577 -0.012060 0.035762 -0.076972 -0.055344 -0.058505 -0.021039 0.016168 -0.002013 -0.006913 0.002406 -0.056559 
-0.226719 0.670906 -0.010805 -0.049967 0.044595 0.028421 0.031667 -0.011925 -0.033077 -0.026822 -0.056383 0.017231 0.015442 
0.084154 -0.147292 0.715276 -0.121771 -0.001843 0.010467 -0.022606 -0.087886 0.012556 -0.142374 0.080600 -0.051895 0.005864 
0.292851 0.225101 -0.042134 0.893114 -0.123174 0.000758 -0.016423 -0.034502 -0.055942 0.012518 -0.032074 0.011416 -0.063183 
-0.151895 -0.088572 -0.014957 -0.089975 0.846327 -0.059302 0.038265 0.087631 -0.042620 0.004673 -0.029350 -0.065224 0.142887 
-0.177182 -0.055291 0.137670 0.048428 -0.012290 0.813960 0.009915 0.002152 -0.001866 -0.047322 0.056109 -0.095902 0.009314 
-0.091942 -0.013809 -0.082568 0.168172 0.015729 -0.003098 0.745648 0.075125 -0.066539 0.012532 -0.000652 0.014228 -0.141408 
-0.104970 -0.126419 -0.091998 -0.060851 0.185340 0.032653 0.014092 0.763519 0.010415 0.103452 -0.071299 0.020668 0.058944 
0.074036 -0.039172 0.007165 0.026809 -0.074566 0.058494 0.022080 0.046085 0.679568 0.085969 0.045436 0.021659 0.028235 
-0.001118 0.052776 -0.070153 -0.122352 -0.008340 0.017710 0.041419 -0.005404 0.145160 0.812213 -0.010843 0.063232 0.090799 
0.110859 -0.011352 0.005211 0.085468 -0.104574 0.006056 -0.061913 0.035429 -0.011472 0.087923 0.744996 0.092300 -0.008232 
-0.083078 -0.005207 0.019945 -0.020735 -0.033288 0.001234 -0.011229 -0.051686 0.014711 0.012570 0.036523 0.860337 0.084035 
-0.226594 -0.104263 -0.034371 -0.092410 0.048681 0.016936 -0.091022 -0.015254 -0.006533 -0.010668 0.006048 0.094751 0.917476 
1.112865 0.088371 -0.157917 -0.414597 -0.665807 -0.098544 -1.360557 -0.612824 -0.059717 0.492893 -0.707449 -0.278182 0.024924 
1.0 1.0 1.0 1.0 1.0 1.0 1.0 1.0 1.0 1.0 1.0 1.0 1.0 
13
0.765252 -0.027820 0.004335 0.036307 -0.032500 -0.004304 -0.005436 -0.014602 0.024041 -0.017339 0.006101 0.000322 -0.025093 
-0.309972 0.747806 -0.076253 -0.032067 0.000259 -0.006981 0.004175 -0.017388 -0.034337 0.012078 -0.046938 0.011691 -0.031374 
0.174762 -0.104986 0.855702 -0.091576 -0.028905 -0.023061 -0.020929 -0.036835 0.052409 -0.082665 0.014545 -0.004492 -0.005865 
0.467036 0.253927 -0.004272 1.062921 -0.095843 0.050799 -0.006580 -0.062350 0.034803 -0.066005 0.053582 0.015296 -0.084674 
-0.153664 -0.143758 -0.049631 0.007220 0.980971 -0.008742 0.039483 0.023313 -0.048019 0.024595 -0.018935 -0.055167 0.110621 
-0.205579 -0.035366 0.053054 0.042083 0.059481 0.887466 0.070520 -0.050941 0.048584 -0.090280 0.084305 -0.075969 0.001343 
-0.008441 0.041746 -0.016645 0.117868 -0.005001 0.025296 0.923587 0.033392 -0.011894 -0.032260 -0.028618 0.065422 -0.096548 
-0.266771 -0.123322 -0.105018 -0.107569 0.164133 -0.011431 0.071777 0.824256 0.091851 -0.055381 0.023629 -0.038902 0.088637 
0.042041 -0.030269 0.032246 0.035824 -0.096447 0.020971 -0.029957 0.116044 0.763781 0.127251 -0.010905 -0.014020 -0.020942 
-0.117071 0.007677 -0.078198 -0.170195 0.006010 0.000944 0.024173 -0.033571 0.131034 0.877264 0.070452 -0.029099 0.046708 
0.235302 0.022607 -0.030927 0.052290 -0.085177 0.038668 -0.073127 0.047027 -0.015114 0.047635 0.909321 0.116105 0.011533 
-0.049902 -0.009897 0.048372 -0.031135 -0.011877 -0.053829 0.009023 -0.056611 0.014126 0.012699 0.049930 0.923756 0.137081 
-0.261838 -0.093344 -0.030246 -0.050530 0.032167 0.003073 -0.101806 0.035664 -0.023078 0.039388 -0.007581 0.131003 1.002890 
0.091882 -0.074120 0.131262 0.086621 -0.152069 -0.028910 -0.202062 0.044380 -0.089293 0.096772 0.184931 0.059057 0.109389 
1.0 1.0 1.0 1.0 1.0 1.0 1.0 1.0 1.0 1.0 1.0 1.0 1.0 
13
0.749996 -0.029658 -0.015731 0.023720 -0.026799 -0.002253 0.004651 -0.017124 0.003744 -0.014344 0.003251 0.000759 -0.012168 
-0.260434 0.768701 -0.067397 -0.034269 -0.003922 -0.018734 0.009400 -0.022072 -0.020467 -0.022262 -0.003533 -0.014376 -0.014327 
0.147161 -0.102480 0.930156 -0.086401 -0.026447 -0.057870 -0.016178 -0.041448 0.035352 -0.018921 -0.015851 0.008773 -0.009148 
0.435216 0.228083 -0.002929 1.128910 -0.044753 0.010132 0.004254 -0.073212 0.049042 -0.054303 0.022045 0.000781 -0.057936 
-0.134439 -0.080100 -0.032665 0.015917 1.016723 0.011190 -0.003799 0.001096 -0.002225 -0.011814 -0.014559 -0.008138 0.024223 
-0.092852 0.014541 -0.002128 0.028536 0.027320 0.946399 0.079777 -0.037930 0.030020 -0.061589 0.047294 -0.051910 0.024578 
0.036731 0.029123 -0.037773 0.039296 0.012596 0.020343 1.009262 -0.001072 0.005060 -0.034104 -0.011014 0.024879 -0.042175 
-0.273291 -0.098625 -0.128360 -0.086423 0.063711 -0.002392 0.021336 0.946104 0.034646 -0.022259 0.000954 -0.057203 0.052800 
0.048850 -0.041734 0.114947 0.030045 -0.077537 0.019151 -0.051852 0.039587 0.917069 0.059339 -0.029690 0.000003 -0.017236 
-0.203649 0.006370 -0.062411 -0.104984 0.008883 -0.005736 -0.003760 -0.022064 0.060504 0.946916 0.039645 -0.017117 0.013879 
0.256196 0.009191 -0.035416 0.017897 -0.016178 -0.042836 0.009530 -0.000508 0.007033 0.016607 0.998661 0.038784 0.024663 
-0.079613 0.016415 0.030934 -0.011677 0.008601 -0.072371 0.006116 -0.033434 0.008346 -0.008966 0.074147 0.968393 0.081136 
-0.208891 -0.081799 -0.037290 -0.043112 0.002289 0.014361 -0.069301 0.027044 -0.025264 0.047534 -0.018432 0.108396 1.064586 
-0.071577 -0.153249 -0.020261 -0.037625 -0.026674 -0.057397 0.203477 0.196516 0.087359 0.113236 0.040274 0.057926 -0.138279 
1.0 1.0 1.0 1.0 1.0 1.0 1.0 1.0 1.0 1.0 1.0 1.0 1.0 
